5.32519 -0.772265 10.269 1.19751 5.43985 0.742947
10.0855 -1.22683 5.32519 -0.772265 10.269 1.19751
5.32705 0.759295 9.51565 4.04211 5.01018 2.24543
10.0226 1.66429 5.32705 0.759295 9.51565 4.04211
4.89735 2.22934 7.9914 6.55925 4.17462 3.56601
9.14777 4.42058 4.89735 2.22934 7.9914 6.55925
4.0709 3.51878 5.81974 8.54499 3.00086 4.59769
7.5318 6.81874 4.0709 3.51878 5.81974 8.54499
2.91464 4.52315 3.1766 9.83847 1.58399 5.25689
5.30564 8.66448 2.91464 4.52315 3.1766 9.83847
1.52226 5.16108 0.276109 10.3349 0.0387866 5.49021
2.64966 9.80828 1.52226 5.16108 0.276109 10.3349
0.00655138 5.38089 -2.64675 9.99405 -1.50956 5.27875
-0.22098 10.1575 0.00655138 5.38089 -2.64675 9.99405
-1.50969 5.16477 -5.35519 8.84354 -2.9356 4.63963
-3.07372 9.68377 -1.50969 5.16477 -5.35519 8.84354
-2.90362 4.53023 -7.62978 6.97658 -4.12383 3.62464
-5.67744 8.42554 -2.90362 4.53023 -7.62978 6.97658
-4.06231 3.52868 -9.28625 4.54443 -4.97796 2.316
-7.82122 6.48473 -4.06231 3.52868 -9.28625 4.54443
-4.89191 2.24126 -10.1904 1.74411 -5.42881 0.819731
-9.33136 4.01856 -4.89191 2.24126 -10.1904 1.74411
-5.32519 0.772265 -10.269 -1.19751 -5.43985 -0.742947
-10.0855 1.22683 -5.32519 0.772265 -10.269 -1.19751
-5.32705 -0.759295 -9.51565 -4.04211 -5.01018 -2.24543
-10.0226 -1.66429 -5.32705 -0.759295 -9.51565 -4.04211
-4.89735 -2.22934 -7.9914 -6.55925 -4.17462 -3.56601
-9.14777 -4.42058 -4.89735 -2.22934 -7.9914 -6.55925
-4.0709 -3.51878 -5.81974 -8.54499 -3.00086 -4.59769
-7.5318 -6.81874 -4.0709 -3.51878 -5.81974 -8.54499
-2.91464 -4.52315 -3.1766 -9.83847 -1.58399 -5.25689
-5.30564 -8.66448 -2.91464 -4.52315 -3.1766 -9.83847
-1.52226 -5.16108 -0.276109 -10.3349 -0.0387866 -5.49021
-2.64966 -9.80828 -1.52226 -5.16108 -0.276109 -10.3349
-0.00655138 -5.38089 2.64675 -9.99405 1.50956 -5.27875
0.22098 -10.1575 -0.00655138 -5.38089 2.64675 -9.99405
1.50969 -5.16477 5.35519 -8.84354 2.9356 -4.63963
3.07372 -9.68377 1.50969 -5.16477 5.35519 -8.84354
2.90362 -4.53023 7.62978 -6.97658 4.12383 -3.62464
5.67744 -8.42554 2.90362 -4.53023 7.62978 -6.97658
4.06231 -3.52868 9.28625 -4.54443 4.97796 -2.316
7.82122 -6.48473 4.06231 -3.52868 9.28625 -4.54443
4.89191 -2.24126 10.1904 -1.74411 5.42881 -0.819731
9.33136 -4.01856 4.89191 -2.24126 10.1904 -1.74411
10.3308 -0.771836 15.233 1.19805 10.3308 0.743457
15.233 -1.22642 10.3308 -0.771836 15.233 1.19805
10.2968 1.13959 14.7535 3.9767 10.0183 2.62908
15.1989 1.59351 10.2968 1.13959 14.7535 3.9767
9.91204 3.01221 13.7715 6.61993 9.36465 4.42518
14.6474 4.35917 9.91204 3.01221 13.7715 6.61993
9.18977 4.78226 12.3206 9.03772 8.39207 6.07058
13.597 6.9764 9.18977 4.78226 12.3206 9.03772
8.15456 6.38945 10.4502 11.1477 7.13372 7.50926
12.0835 9.35604 8.15456 6.38945 10.4502 11.1477
6.84166 7.77905 8.22385 12.8782 5.63243 8.69222
10.1586 11.4171 6.84166 7.77905 8.22385 12.8782
5.29577 8.90375 5.71747 14.17 3.93933 9.57917
7.88777 13.0893 5.29577 8.90375 5.71747 14.17
3.56954 9.72524 3.01639 14.9793 2.11209 10.1399
5.3483 14.3158 3.56954 9.72524 3.01639 14.9793
1.72175 10.2156 0.212586 15.2785 0.212923 10.3554
2.62671 15.0548 1.72175 10.2156 0.212586 15.2785
-0.184666 10.358 -2.59846 15.0574 -1.6935 10.2182
-0.184328 15.2811 -0.184666 10.358 -2.59846 15.0574
-2.0848 10.1477 -5.32101 14.3236 -3.54224 9.73301
-2.98909 14.9871 -2.0848 10.1477 -5.32101 14.3236
-3.91393 9.59182 -7.86236 13.102 -5.27037 8.9164
-5.69207 14.1827 -3.91393 9.59182 -7.86236 13.102
-5.60978 8.70932 -10.136 11.4342 -6.81901 7.79615
-8.2012 12.8953 -5.60978 8.70932 -10.136 11.4342
-7.1146 7.53023 -12.0644 9.37702 -8.13544 6.41042
-10.4311 11.1687 -7.1146 7.53023 -12.0644 9.37702
-8.37713 6.09471 -13.582 7.00052 -9.17483 4.80638
-12.3057 9.06185 -8.37713 6.09471 -13.582 7.00052
-9.3544 4.45164 -14.6371 4.38564 -9.90179 3.03868
-13.7613 6.64639 -9.3544 4.45164 -14.6371 4.38564
-10.0131 2.65698 -15.1937 1.6214 -10.2915 1.16749
-14.7482 4.00459 -10.0131 2.65698 -15.1937 1.6214
-10.3308 0.771836 -15.233 -1.19805 -10.3308 -0.743457
-15.233 1.22642 -10.3308 0.771836 -15.233 -1.19805
-10.2968 -1.13959 -14.7535 -3.9767 -10.0183 -2.62908
-15.1989 -1.59351 -10.2968 -1.13959 -14.7535 -3.9767
-9.91204 -3.01221 -13.7715 -6.61993 -9.36465 -4.42518
-14.6474 -4.35917 -9.91204 -3.01221 -13.7715 -6.61993
-9.18977 -4.78226 -12.3206 -9.03772 -8.39207 -6.07058
-13.597 -6.9764 -9.18977 -4.78226 -12.3206 -9.03772
-8.15456 -6.38945 -10.4502 -11.1477 -7.13372 -7.50926
-12.0835 -9.35604 -8.15456 -6.38945 -10.4502 -11.1477
-6.84166 -7.77905 -8.22385 -12.8782 -5.63243 -8.69222
-10.1586 -11.4171 -6.84166 -7.77905 -8.22385 -12.8782
-5.29577 -8.90375 -5.71747 -14.17 -3.93933 -9.57917
-7.88777 -13.0893 -5.29577 -8.90375 -5.71747 -14.17
-3.56954 -9.72524 -3.01639 -14.9793 -2.11209 -10.1399
-5.3483 -14.3158 -3.56954 -9.72524 -3.01639 -14.9793
-1.72175 -10.2156 -0.212586 -15.2785 -0.212923 -10.3554
-2.62671 -15.0548 -1.72175 -10.2156 -0.212586 -15.2785
0.184666 -10.358 2.59846 -15.0574 1.6935 -10.2182
0.184328 -15.2811 0.184666 -10.358 2.59846 -15.0574
2.0848 -10.1477 5.32101 -14.3236 3.54224 -9.73301
2.98909 -14.9871 2.0848 -10.1477 5.32101 -14.3236
3.91393 -9.59182 7.86236 -13.102 5.27037 -8.9164
5.69207 -14.1827 3.91393 -9.59182 7.86236 -13.102
5.60978 -8.70932 10.136 -11.4342 6.81901 -7.79615
8.2012 -12.8953 5.60978 -8.70932 10.136 -11.4342
7.1146 -7.53023 12.0644 -9.37702 8.13544 -6.41042
10.4311 -11.1687 7.1146 -7.53023 12.0644 -9.37702
8.37713 -6.09471 13.582 -7.00052 9.17483 -4.80638
12.3057 -9.06185 8.37713 -6.09471 13.582 -7.00052
9.3544 -4.45164 14.6371 -4.38564 9.90179 -3.03868
13.7613 -6.64639 9.3544 -4.45164 14.6371 -4.38564
10.0131 -2.65698 15.1937 -1.6214 10.2915 -1.16749
14.7482 -4.00459 10.0131 -2.65698 15.1937 -1.6214
