4.99871
0.814549
1.41309
4.73601
1.15828
2.42487
4.78738
3.72153
2.70022
3.69976
3.79972
3.29318
1.57819
4.02202
2.59836
0.842862
2.37765
1.96157
1.10834
1.06595
0.151676
1.6677
0.970744
4.71858
2.89966
4.49152
3.32782
2.49305
2.80314
0.911423
1.48263
0.587045
0.314588
3.24063
3.62709
3.18566
3.56943
0.497881
3.49634
0.539062
0.646214
2.51202
1.0389
1.44455
0.415874
0.640621
2.73686
0.411598
1.46071
4.45812
1.13559
2.15923
0.703665
2.00196
3.43473
0.853355
2.2041
0.226683
1.55648
2.53091
0.912054
2.55516
3.70394
1.82994
0.804044
2.30053
3.13918
3.38802
3.49098
2.39268
0.450538
1.69364
0.476069
2.18271
2.37337
2.09623
3.88768
3.12305
4.90218
1.85215
4.15406
0.704032
3.72043
4.1487
1.95552
3.10978
1.7335
0.230848
3.06533
2.83687
2.49447
3.61901
0.722753
0.211516
1.55394
0.608206
1.21035
1.90529
2.20064
2.99898

